882
98 95
842 479
88 213
137 139
12 11
84 77
650 128
135 215
717 794
656 393
134 410
249 408
78 462
22 569
255 74
144 30
430 415
231 291
521 740
132 216
395 409
485 733
231 40
145 258
624 576
682 509
64 168
114 66
58 18
525 132
510 131
161 186
400 111
319 557
639 355
3 17
259 141
729 200
680 124
50 123
96 770
668 19
118 89
94 72
449 336
7 104
660 258
249 789
127 288
91 225
135 203
60 749
600 480
2 51
82 126
19 53
709 727
431 679
93 477
550 657
66 808
262 212
268 222
305 454
1 8
429 814
829 824
16 1
131 372
640 205
32 63
132 26
542 852
132 141
346 167
332 166
833 444
186 293
610 464
285 550
611 176
870 314
289 180
397 743
835 630
701 571
91 767
214 69
552 430
69 46
250 177
735 382
197 698
702 669
802 167
173 350
30 116
35 12
244 133
127 521
27 80
106 177
356 366
74 241
91 515
741 512
200 677
423 14
78 63
12 491
138 67
179 149
13 33
58 687
89 578
676 758
2 14
724 511
429 241
210 144
719 466
325 419
31 16
75 88
196 139
33 208
99 18
50 47
100 11
102 599
489 233
134 97
748 720
487 663
157 96
321 659
327 370
158 140
366 468
84 235
364 222
264 641
467 291
52 662
821 448
127 218
579 655
511 311
580 206
629 56
110 406
412 588
692 173
13 753
526 361
335 306
819 372
13 49
179 345
344 881
381 725
72 532
756 511
738 87
166 315
172 79
834 174
221 324
321 161
208 219
4 862
42 195
387 320
181 155
512 442
775 71
826 730
176 170
32 277
21 110
98 475
55 95
493 529
159 647
383 234
764 113
452 121
24 83
845 299
225 239
275 265
398 260
5 211
365 210
685 207
861 4
815 469
575 144
378 485
661 699
793 588
476 658
433 220
317 288
27 36
349 820
273 614
284 416
4 30
638 376
848 618
483 799
176 303
127 10
9 11
536 95
607 132
9 230
183 312
584 447
192 71
467 759
191 394
575 615
86 514
273 481
148 617
445 63
683 121
34 559
605 762
583 64
257 251
466 618
70 131
479 170
101 24
407 528
228 264
322 274
362 335
732 536
74 205
147 116
141 310
560 236
154 456
308 275
411 347
398 403
825 90
112 228
270 497
79 39
373 78
356 127
1 602
751 61
199 62
343 247
61 34
635 44
201 73
73 388
142 124
26 82
455 116
681 603
15 517
857 743
309 586
222 57
29 19
694 704
102 15
593 661
459 262
64 252
267 284
204 832
366 597
506 383
731 240
357 243
16 723
253 424
384 85
136 850
164 44
245 231
782 348
461 317
233 344
451 538
480 424
812 188
155 318
359 436
43 24
53 187
754 141
108 399
708 383
571 549
482 534
389 353
79 91
590 828
266 562
128 101
336 95
281 348
471 627
93 124
55 645
833 843
376 312
399 795
593 146
700 787
328 396
847 280
748 779
446 216
39 27
87 339
712 8
349 134
715 430
10 55
800 597
48 112
181 744
353 67
304 71
60 52
809 309
36 473
47 39
697 320
166 269
860 324
260 158
123 859
326 278
851 532
40 377
873 872
672 597
620 258
26 24
60 854
66 625
6 45
35 283
386 150
56 146
190 844
34 57
121 21
684 549
158 435
118 122
397 62
785 265
643 491
68 500
689 413
29 40
325 418
405 757
730 58
21 4
161 171
227 168
279 437
694 623
531 81
64 320
328 133
129 152
666 866
59 143
138 539
9 513
791 607
651 237
243 136
61 581
234 447
516 98
79 358
292 251
417 365
223 33
395 35
128 140
38 26
244 671
817 409
840 123
816 28
148 55
73 276
482 714
256 202
81 115
159 135
577 882
25 56
135 237
628 339
543 106
796 72
551 653
652 240
869 495
569 706
6 4
247 327
565 556
145 574
183 151
184 319
31 472
561 752
592 503
17 20
556 84
823 764
855 635
294 129
716 537
642 107
192 296
401 372
104 295
443 676
348 425
286 720
189 492
24 16
309 288
248 30
476 18
246 159
713 477
23 9
788 204
491 558
142 161
340 72
5 160
176 188
108 29
567 298
263 439
44 233
9 407
91 189
156 130
105 374
801 153
240 282
64 495
146 633
490 346
242 80
443 181
124 509
103 329
334 224
7 434
372 379
573 171
268 636
567 596
232 285
19 7
48 21
133 368
311 549
191 781
238 138
26 165
134 561
550 737
367 280
54 594
493 327
382 178
105 77
126 174
199 212
352 36
875 772
209 14
750 109
394 792
123 180
619 592
170 90
522 321
301 122
446 837
56 190
258 608
61 780
37 10
551 734
87 149
306 33
247 165
351 192
236 463
435 654
345 568
765 236
337 877
10 75
587 563
91 145
728 85
215 337
371 413
836 174
208 381
232 87
86 71
582 497
49 70
266 210
224 92
125 330
104 482
739 75
203 444
23 52
48 67
831 783
438 201
579 138
46 26
272 29
110 688
209 305
113 85
299 284
194 198
254 87
277 548
164 392
675 83
609 40
100 451
10 5
478 355
552 691
47 229
48 234
35 71
140 806
8 9
361 630
198 391
416 707
40 166
28 311
530 110
803 617
277 360
553 544
297 554
542 17
503 321
458 76
2 119
333 330
673 89
217 124
314 155
622 486
564 406
332 519
58 363
494 373
545 813
798 666
61 107
342 297
51 504
42 3
238 590
440 146
684 810
498 693
362 667
132 674
47 453
664 594
199 200
103 1
872 369
197 173
604 526
745 878
200 267
10 130
54 25
515 771
427 37
1 2
280 276
188 547
841 683
155 27
316 231
39 286
274 838
73 16
44 31
15 65
186 496
545 495
422 34
612 145
201 271
60 415
311 563
239 378
606 551
77 28
315 404
285 431
846 210
25 153
41 96
868 644
68 566
774 753
824 325
797 305
669 163
131 540
49 393
201 253
22 17
97 2
541 156
59 4
626 162
52 109
15 601
730 818
405 348
23 85
253 261
25 169
214 623
474 75
703 478
33 154
705 594
805 666
270 246
34 22
790 537
876 15
598 385
34 64
338 441
157 631
114 182
207 736
323 234
72 505
605 283
167 43
119 665
478 544
252 488
338 726
150 772
250 524
17 41
1 3
595 369
55 412
603 421
15 9
266 755
648 236
409 766
407 537
191 117
331 250
402 351
130 220
507 344
264 450
763 760
7 1
236 34
203 281
364 577
221 140
1 555
68 53
55 470
546 216
370 508
863 151
32 10
684 849
76 44
570 745
220 347
385 335
742 666
328 502
274 209
89 78
57 686
287 78
871 879
34 807
2 18
214 298
40 72
66 501
338 270
33 722
149 202
137 12
421 168
209 325
184 139
251 572
222 297
711 533
114 856
204 273
101 518
63 263
1 4
591 36
38 265
761 193
35 175
151 150
174 613
634 330
302 251
85 87
354 261
31 106
250 778
287 460
853 299
77 163
709 444
31 448
800 867
420 51
117 87
760 320
528 585
129 44
253 576
5 644
133 26
616 330
371 238
206 163
237 465
203 551
117 690
768 667
250 290
9 92
204 192
471 120
56 81
783 207
232 839
649 483
426 156
93 35
232 313
375 134
240 141
271 469
570 270
150 85
28 19
162 249
25 5
305 746
747 24
